166677
166678
166679
166688
166689
166699
167778
167779
168889
177788
177789
177799
178889
188899
223333
223334
223335
223336
223337
223338
223339
223344
223345
223346
223347
223348
223349
223355
223356
223357
223358
223359
223366
223367
223368
223369
223377
223378
223379
223388
223389
223399
223444
223445
223446
223447
223448
223449
223455
223456
223457
223458
223459
223466
223467
223468
223469
223477
223478
223479
223488
223489
223499
223555
223556
223557
223558
223559
223566
223567
223568
223569
223577
223578
223579
223588
223589
223599
223666
223667
223668
223669
223677
223678
223679
223688
223689
223699
223777
223778
223779
223788
223789
223799
223888
223889
223899
223999
224444
224445
224446
224447
224448
224449
224455
224456
224457
224458
224459
224466
224467
224468
224469
224477
224478
224479
224488
224489
224499
224555
224556
224557
224558
224559
224566
224567
224568
224569
224577
224578
224579
224588
224589
224599
224666
224667
224668
224669
224677
224678
224679
224688
224689
224699
224777
224778
224779
224788
224789
224799
224888
224889
224899
224999
225555
225556
225557
225558
225559
225566
225567
225568
225569
225577
225578
225579
225588
225589
225599
225666
225667
225668
225669
225677
225678
225679
225688
225689
225699
225777
225778
225779
225788
225789
225799
225888
225889
225899
225999
226666
226667
226668
226669
226677
226678
226679
226688
226689
226699
226777
226778
226779
226788
226789
226799
226888
226889
226899
226999
227777
227778
227779
227788
227789
227799
227888
227889
227899
227999
228888
228889
228899
228999
229999
233344
233345
233346
233347
233348
233349
233355
233356
233357
233358
233359
233366
233367
233368
233369
233377
233378
233379
233388
233389
233399
234445
234446
234447
234448
234449
235556
235557
235558
235559
236667
236668
236669
237778
237779
238889
244455
244456
244457
244458
244459
244466
244467
244468
244469
244477
244478
244479
244488
244489
244499
245556
245557
245558
245559
246667
246668
246669
247778
247779
248889
255566
255567
255568
255569
255577
255578
255579
255588
255589
255599
256667
256668
256669
257778
257779
258889
266677
266678
266679
266688
266689
266699
267778
267779
268889
277788
277789
277799
278889
288899
334444
334445
334446
334447
334448
334449
334455
334456
334457
334458
334459
334466
334467
334468
334469
334477
334478
334479
334488
334489
334499
334555
334556
334557
334558
334559
334566
334567
334568
334569
334577
334578
334579
334588
334589
334599
334666
334667
334668
334669
334677
334678
334679
334688
334689
334699
334777
334778
334779
334788
334789
334799
334888
334889
334899
334999
335555
335556
335557
335558
335559
335566
335567
335568
335569
335577
335578
335579
335588
335589
335599
335666
335667
335668
335669
335677
335678
335679
335688
335689
335699
335777
335778
335779
335788
335789
335799
335888
335889
335899
335999
336666
336667
336668
336669
336677
336678
336679
336688
336689
336699
336777
336778
336779
336788
336789
336799
336888
336889
336899
336999
337777
337778
337779
337788
337789
337799
337888
337889
337899
337999
338888
338889
338899
338999
339999
344455
344456
344457
344458
344459
344466
344467
344468
344469
344477
344478
344479
344488
344489
344499
345556
345557
345558
345559
346667
346668
346669
347778
347779
348889
355566
355567
355568
355569
355577
355578
355579
355588
355589
355599
356667
356668
356669
357778
357779
358889
366677
366678
366679
366688
366689
366699
367778
367779
368889
377788
377789
377799
378889
388899
445555
445556
445557
445558
445559
445566
445567
445568
445569
445577
445578
445579
445588
445589
445599
445666
445667
445668
445669
445677
445678
445679
445688
445689
445699
445777
445778
445779
445788
445789
445799
445888
445889
445899
445999
446666
446667
446668
446669
446677
446678
446679
446688
446689
446699
446777
446778
446779
446788
446789
446799
446888
446889
446899
446999
447777
447778
447779
447788
447789
447799
447888
447889
447899
447999
448888
448889
448899
448999
449999
455566
455567
455568
455569
455577
455578
455579
455588
455589
455599
456667
456668
456669
457778
457779
458889
466677
466678
466679
466688
466689
466699
467778
467779
468889
477788
477789
477799
478889
488899
556666
556667
556668
556669
556677
556678
556679
556688
556689
556699
556777
556778
556779
556788
556789
556799
556888
556889
556899
556999
557777
557778
557779
557788
557789
557799
557888
557889
557899
557999
558888
558889
558899
558999
559999
566677
566678
566679
566688
566689
566699
567778
567779
568889
577788
577789
577799
578889
588899
667777
667778
667779
667788
667789
667799
667888
667889
667899
667999
668888
668889
668899
668999
669999
677788
677789
677799
678889
688899
